22 serialization::archive 13 0 0 3 0 1 0
0 18 ProtectionHardware 0 0 2 0 1 0
1 1 b 4 1 0
2 2 0 1 2 7 Breaker 6 1 0
3 0 0 0 0 3 0 -1 9 1 0
4 0 0 6 closed 0 0 3 0 0 0 1 0
5 0 0 2 op 1 I 2 b1 0 0 0 0 6 closed 4 open 2
6 2 op 1 I 2 b3 0 0 6 closed 6 closed 1
7 2 cl 1 I 2 b5 0 0 6 closed 6 closed 1 9
8 4 open 3 0
9 2 cl 1 I 2 b2 0 0 4 open 6 closed 1
10 2 cl 1 I 2 b4 0 0 4 open 4 open 2
11 2 op 1 I 2 b6 0 0 4 open 4 open 2 0 3 0 0 0 0 2 6 0 0 2 0 2 op 2 cl 1 0 1 I 0 0 2 0 6 closed 4 open 0 0 6 0
12 2 op 1 I 2 b1 0 0 6 closed 4 open
13 2 cl 1 I 2 b2 0 0 4 open 6 closed
14 2 op 1 I 2 b3 0 0 6 closed 6 closed
15 2 cl 1 I 2 b4 0 0 4 open 4 open
16 2 cl 1 I 2 b5 0 0 6 closed 6 closed
17 2 op 1 I 2 b6 0 0 4 open 4 open
18 1 s 4
19 2 0 1 2 6 Sensor 6
20 3 0 -1 9
21 4 idle 2 0
22 0  0  2 s1 1 0 2 op 1 O 4 idle 6 awaken 2
23 0  0  2 s3 1 0 2 cl 1 O 4 idle 6 awaken 2 9
24 6 awaken 2 0
25 0  0  2 s2 1 0 2 cl 1 O 6 awaken 4 idle 1
26 0  0  2 s4 1 0 2 op 1 O 6 awaken 4 idle 1 0 3 0 0 0 0 2 4 2 0 2 op 2 cl 0 0 1 0 1 O 2 0 4 idle 6 awaken 4 0
27 0  0  2 s1 1 0 2 op 1 O 4 idle 6 awaken
28 0  0  2 s2 1 0 2 cl 1 O 6 awaken 4 idle
29 0  0  2 s3 1 0 2 cl 1 O 4 idle 6 awaken
30 0  0  2 s4 1 0 2 op 1 O 6 awaken 4 idle 0 0 1 0 1 O 0 0 1 0 0 0 1 O 1 s 1 I 1 b 0 0 4 0 0 0 2 di 1 O 3 (0) 1 0 0 2 co 1 O 3 (1) 1 0 0 2 nd 1 O 10 (2)|(3)(4) 1 0 0 2 nc 1 O 10 (5)|(6)(7) 1 0 0 2 0 6 closed 1 b 4 idle 1 s 0 0 0 0 0 0 0 0 1 0 26 1 0
31 0 0 0 0 10 0 -1 29 1 0
32 0 0 0 0 0 0 0 0 6 0 0 0 0 0 13 12 3 1 5 b1(b) 2 13 13 3 1 5 b2(b) 3 13 27 3 18 5 s1(s) 5 13 28 3 18 5 s2(s) 7 13 29 3 18 5 s3(s) 4 13 30 3 18 5 s4(s) 6 29
33 1 0 2 di 6 0 13 12 3 1 5 b1(b) 2 13 13 3 1 5 b2(b) 3 13 27 3 18 5 s1(s) 5 13 28 3 18 5 s2(s) 7 13 29 3 18 5 s3(s) 4 13 30 3 18 5 s4(s) 6 29
34 1 0 2 co 6 0 13 12 3 1 5 b1(b) 2 13 13 3 1 5 b2(b) 3 13 27 3 18 5 s1(s) 5 13 28 3 18 5 s2(s) 7 13 29 3 18 5 s3(s) 4 13 30 3 18 5 s4(s) 6 29
35 1 0 2 nd 6 0 13 12 3 1 5 b1(b) 2 13 13 3 1 5 b2(b) 3 13 27 3 18 5 s1(s) 5 13 28 3 18 5 s2(s) 7 13 29 3 18 5 s3(s) 4 13 30 3 18 5 s4(s) 6 29
36 0 0 7 0 13 12 3 1 5 b1(b) 2 13 13 3 1 5 b2(b) 3 13 14 3 1 5 b3(b) 8 13 27 3 18 5 s1(s) 5 13 28 3 18 5 s2(s) 7 13 29 3 18 5 s3(s) 4 13 30 3 18 5 s4(s) 6 29
37 1 0 2 nc 6 0 13 12 3 1 5 b1(b) 2 13 13 3 1 5 b2(b) 3 13 27 3 18 5 s1(s) 5 13 28 3 18 5 s2(s) 7 13 29 3 18 5 s3(s) 4 13 30 3 18 5 s4(s) 6 29
38 0 0 7 0 13 12 3 1 5 b1(b) 2 13 13 3 1 5 b2(b) 3 13 15 3 1 5 b4(b) 9 13 27 3 18 5 s1(s) 5 13 28 3 18 5 s2(s) 7 13 29 3 18 5 s3(s) 4 13 30 3 18 5 s4(s) 6 29
39 1 0 2 nd 6 0 13 12 3 1 5 b1(b) 2 13 13 3 1 5 b2(b) 3 13 27 3 18 5 s1(s) 5 13 28 3 18 5 s2(s) 7 13 29 3 18 5 s3(s) 4 13 30 3 18 5 s4(s) 6 29
40 1 0 2 nc 6 0 13 12 3 1 5 b1(b) 2 13 13 3 1 5 b2(b) 3 13 27 3 18 5 s1(s) 5 13 28 3 18 5 s2(s) 7 13 29 3 18 5 s3(s) 4 13 30 3 18 5 s4(s) 6 1 10 0 0 0 1 1 1 0 1 0 1 1 9 56 0 0 1 0 0 0 0 0 0 8 0 0 0 0 2 b1 1 b 1 2 b2 1 b 2 2 s3 1 s 3 2 s1 1 s 4 2 b3 1 b 5 2 s4 1 s 6 2 s2 1 s 7 2 b4 1 b 0 0 8 0 0 0 2 b1 1 b 0 2 b2 1 b 1 2 b3 1 b 4 2 b4 1 b 7 2 s1 1 s 3 2 s2 1 s 6 2 s3 1 s 2 2 s4 1 s 5
41 16 MonitorApparatus 4 0
42 1 m 4
43 2 0 1 2 7 Monitor 6
44 3 0 -1 9
45 5 watch 6 0
46 2 nd 1 E 2 m1 2 0 2 op 1 R 2 rc 1 O 5 watch 7 trigger 2
47 2 nd 1 E 2 m2 1 0 2 op 1 R 5 watch 7 trigger 2
48 2 rc 1 I 2 m3 1 0 2 op 1 R 5 watch 7 trigger 2
49 2 di 1 E 2 m5 0 0 5 watch 5 watch 1
50 2 co 1 E 2 m6 0 0 5 watch 5 watch 1
51 2 nc 1 E 2 m7 0 0 5 watch 5 watch 1 9
52 7 trigger 4 0
53 2 nc 1 E 3 m10 0 0 7 trigger 7 trigger 2
54 2 nd 1 E 2 m4 0 0 7 trigger 7 trigger 2
55 2 di 1 E 2 m8 0 0 7 trigger 7 trigger 2
56 2 co 1 E 2 m9 0 0 7 trigger 7 trigger 2 0 3 0 0 0 0 2 10 6 0 2 di 2 co 2 nd 2 nc 2 rc 2 op 2 0 1 E 1 I 2 0 1 O 1 R 2 0 5 watch 7 trigger 10 0
57 2 nd 1 E 2 m1 2 0 2 op 1 R 2 rc 1 O 5 watch 7 trigger
58 2 nd 1 E 2 m2 1 0 2 op 1 R 5 watch 7 trigger
59 2 rc 1 I 2 m3 1 0 2 op 1 R 5 watch 7 trigger
60 2 nd 1 E 2 m4 0 0 7 trigger 7 trigger
61 2 di 1 E 2 m5 0 0 5 watch 5 watch
62 2 co 1 E 2 m6 0 0 5 watch 5 watch
63 2 nc 1 E 2 m7 0 0 5 watch 5 watch
64 2 di 1 E 2 m8 0 0 7 trigger 7 trigger
65 2 co 1 E 2 m9 0 0 7 trigger 7 trigger
66 2 nc 1 E 3 m10 0 0 7 trigger 7 trigger
67 2 m1 4 43
68 1 r 4 2
69 2 r1 4 2 2 0 2 Im 3 Im1 1 0 1 O 6 0 2 Im 4 this 1 E 1 m 3 Im1 4 this 1 E 2 m1 1 O 1 m 1 I 2 m1 1 O 2 m1 1 I 1 m 1 R 1 m 1 I 1 r 1 R 2 m1 1 I 2 r1 3 0 2 nr 1 O 23 (0)|(1)|(2)|(3)|(4)|(5) 0 6 0 0 1 2 3 4 5 2 ni 1 O 53 ((6)|(7)|(8))(9)|(9)(8)|((10)|(11)|(12))(13)|(13)(12) 0 8 0 6 7 8 9 10 11 12 13 2 ps 1 O 38 ((14)(15)|(15)(14))((16)(17)|(17)(16)) 0 4 0 14 15 16 17 4 0 6 closed 1 r 6 closed 2 r1 5 watch 1 m 5 watch 2 m1 10 0 0 0 2 b1 1 r 3 opr 2 b1 2 r1 4 opr1 2 b2 1 r 3 clr 2 b2 2 r1 4 clr1 2 m1 1 m 3 trg 2 m1 2 m1 4 trg1 2 m2 1 m 3 trg 2 m2 2 m1 4 trg1 2 m3 1 m 3 trg 2 m3 2 m1 4 trg1 6 0 2 b3 1 r 3 for 2 b3 2 r1 4 for1 2 b4 1 r 3 fcr 2 b4 2 r1 4 fcr1 2 m2 1 m 2 fm 2 m2 2 m1 3 fm1 3 0 26
70 8 0 -1 29
71 0 0 6 0 13 12 3 68 5 b1(r) 4 13 12 3 69 6 b1(r1) 7 13 66 3 42 6 m10(m) 3 13 66 3 67 7 m10(m1) 6 13 63 3 42 5 m7(m) 2 13 63 3 67 6 m7(m1) 5 29
72 1 0 2 nr 6 0 13 12 3 68 5 b1(r) 4 13 12 3 69 6 b1(r1) 7 13 66 3 42 6 m10(m) 3 13 66 3 67 7 m10(m1) 6 13 63 3 42 5 m7(m) 2 13 63 3 67 6 m7(m1) 5 29
73 1 0 2 nr 6 0 13 12 3 68 5 b1(r) 4 13 12 3 69 6 b1(r1) 7 13 66 3 42 6 m10(m) 3 13 66 3 67 7 m10(m1) 6 13 63 3 42 5 m7(m) 2 13 63 3 67 6 m7(m1) 5 29
74 1 0 2 nr 6 0 13 12 3 68 5 b1(r) 4 13 12 3 69 6 b1(r1) 7 13 66 3 42 6 m10(m) 3 13 66 3 67 7 m10(m1) 6 13 63 3 42 5 m7(m) 2 13 63 3 67 6 m7(m1) 5 29
75 1 0 2 nr 6 0 13 12 3 68 5 b1(r) 4 13 12 3 69 6 b1(r1) 7 13 66 3 42 6 m10(m) 3 13 66 3 67 7 m10(m1) 6 13 63 3 42 5 m7(m) 2 13 63 3 67 6 m7(m1) 5 29
76 1 0 2 nr 6 0 13 12 3 68 5 b1(r) 4 13 12 3 69 6 b1(r1) 7 13 66 3 42 6 m10(m) 3 13 66 3 67 7 m10(m1) 6 13 63 3 42 5 m7(m) 2 13 63 3 67 6 m7(m1) 5 29
77 1 0 2 nr 6 0 13 12 3 68 5 b1(r) 4 13 12 3 69 6 b1(r1) 7 13 66 3 42 6 m10(m) 3 13 66 3 67 7 m10(m1) 6 13 63 3 42 5 m7(m) 2 13 63 3 67 6 m7(m1) 5 1 8 0 0 0 1 1 1 1 1 1 7 42 26
78 14 0 -1 29
79 0 0 8 0 13 14 3 68 5 b3(r) 3 13 14 3 69 6 b3(r1) 7 13 57 3 42 5 m1(m) 2 13 57 3 67 6 m1(m1) 6 13 58 3 42 5 m2(m) 4 13 58 3 67 6 m2(m1) 8 13 60 3 42 5 m4(m) 5 13 60 3 67 6 m4(m1) 9 29
80 0 0 8 0 13 14 3 68 5 b3(r) 10 13 14 3 69 6 b3(r1) 7 13 57 3 42 5 m1(m) 2 13 57 3 67 6 m1(m1) 6 13 58 3 42 5 m2(m) 4 13 58 3 67 6 m2(m1) 8 13 60 3 42 5 m4(m) 5 13 60 3 67 6 m4(m1) 9 29
81 0 0 8 0 13 14 3 68 5 b3(r) 3 13 14 3 69 6 b3(r1) 7 13 57 3 42 5 m1(m) 2 13 57 3 67 6 m1(m1) 6 13 58 3 42 5 m2(m) 4 13 58 3 67 6 m2(m1) 8 13 60 3 42 5 m4(m) 11 13 60 3 67 6 m4(m1) 9 29
82 0 0 8 0 13 14 3 68 5 b3(r) 10 13 14 3 69 6 b3(r1) 7 13 57 3 42 5 m1(m) 2 13 57 3 67 6 m1(m1) 6 13 58 3 42 5 m2(m) 4 13 58 3 67 6 m2(m1) 8 13 60 3 42 5 m4(m) 5 13 60 3 67 6 m4(m1) 9 29
83 0 0 8 0 13 14 3 68 5 b3(r) 10 13 14 3 69 6 b3(r1) 7 13 57 3 42 5 m1(m) 2 13 57 3 67 6 m1(m1) 6 13 58 3 42 5 m2(m) 4 13 58 3 67 6 m2(m1) 8 13 60 3 42 5 m4(m) 5 13 60 3 67 6 m4(m1) 9 29
84 0 0 8 0 13 14 3 68 5 b3(r) 3 13 14 3 69 6 b3(r1) 12 13 57 3 42 5 m1(m) 2 13 57 3 67 6 m1(m1) 6 13 58 3 42 5 m2(m) 4 13 58 3 67 6 m2(m1) 8 13 60 3 42 5 m4(m) 5 13 60 3 67 6 m4(m1) 9 29
85 0 0 8 0 13 14 3 68 5 b3(r) 3 13 14 3 69 6 b3(r1) 7 13 57 3 42 5 m1(m) 2 13 57 3 67 6 m1(m1) 6 13 58 3 42 5 m2(m) 4 13 58 3 67 6 m2(m1) 8 13 60 3 42 5 m4(m) 5 13 60 3 67 6 m4(m1) 13 29
86 0 0 8 0 13 14 3 68 5 b3(r) 3 13 14 3 69 6 b3(r1) 12 13 57 3 42 5 m1(m) 2 13 57 3 67 6 m1(m1) 6 13 58 3 42 5 m2(m) 4 13 58 3 67 6 m2(m1) 8 13 60 3 42 5 m4(m) 5 13 60 3 67 6 m4(m1) 9 29
87 0 0 8 0 13 14 3 68 5 b3(r) 3 13 14 3 69 6 b3(r1) 12 13 57 3 42 5 m1(m) 2 13 57 3 67 6 m1(m1) 6 13 58 3 42 5 m2(m) 4 13 58 3 67 6 m2(m1) 8 13 60 3 42 5 m4(m) 5 13 60 3 67 6 m4(m1) 9 29
88 1 0 2 ni 8 0 13 14 3 68 5 b3(r) 3 13 14 3 69 6 b3(r1) 7 13 57 3 42 5 m1(m) 2 13 57 3 67 6 m1(m1) 6 13 58 3 42 5 m2(m) 4 13 58 3 67 6 m2(m1) 8 13 60 3 42 5 m4(m) 11 13 60 3 67 6 m4(m1) 9 29
89 1 0 2 ni 8 0 13 14 3 68 5 b3(r) 10 13 14 3 69 6 b3(r1) 7 13 57 3 42 5 m1(m) 2 13 57 3 67 6 m1(m1) 6 13 58 3 42 5 m2(m) 4 13 58 3 67 6 m2(m1) 8 13 60 3 42 5 m4(m) 5 13 60 3 67 6 m4(m1) 9 29
90 1 0 2 ni 8 0 13 14 3 68 5 b3(r) 3 13 14 3 69 6 b3(r1) 7 13 57 3 42 5 m1(m) 2 13 57 3 67 6 m1(m1) 6 13 58 3 42 5 m2(m) 4 13 58 3 67 6 m2(m1) 8 13 60 3 42 5 m4(m) 5 13 60 3 67 6 m4(m1) 13 29
91 1 0 2 ni 8 0 13 14 3 68 5 b3(r) 3 13 14 3 69 6 b3(r1) 12 13 57 3 42 5 m1(m) 2 13 57 3 67 6 m1(m1) 6 13 58 3 42 5 m2(m) 4 13 58 3 67 6 m2(m1) 8 13 60 3 42 5 m4(m) 5 13 60 3 67 6 m4(m1) 9 1 14 0 0 0 0 0 0 0 0 0 0 0 1 1 1 1 13 104 26
92 10 0 -1 29
93 0 0 2 0 13 62 3 42 5 m6(m) 2 13 62 3 67 6 m6(m1) 3 29
94 0 0 2 0 13 62 3 42 5 m6(m) 2 13 62 3 67 6 m6(m1) 4 29
95 0 0 2 0 13 62 3 42 5 m6(m) 5 13 62 3 67 6 m6(m1) 3 29
96 0 0 4 0 13 61 3 42 5 m5(m) 6 13 61 3 67 6 m5(m1) 7 13 62 3 42 5 m6(m) 5 13 62 3 67 6 m6(m1) 3 29
97 0 0 4 0 13 61 3 42 5 m5(m) 6 13 61 3 67 6 m5(m1) 7 13 62 3 42 5 m6(m) 2 13 62 3 67 6 m6(m1) 4 29
98 0 0 3 0 13 61 3 67 6 m5(m1) 8 13 62 3 42 5 m6(m) 2 13 62 3 67 6 m6(m1) 3 29
99 0 0 3 0 13 61 3 42 5 m5(m) 9 13 62 3 42 5 m6(m) 2 13 62 3 67 6 m6(m1) 3 29
100 1 0 2 ps 2 0 13 62 3 42 5 m6(m) 2 13 62 3 67 6 m6(m1) 3 29
101 1 0 2 ps 2 0 13 62 3 42 5 m6(m) 2 13 62 3 67 6 m6(m1) 3 1 10 0 0 0 0 0 0 0 0 0 1 1 9 24 3 0 6 0 5 b1(r) 6 b1(r1) 6 m10(m) 7 m10(m1) 5 m7(m) 6 m7(m1) 8 0 5 b3(r) 6 b3(r1) 5 m1(m) 6 m1(m1) 5 m2(m) 6 m2(m1) 5 m4(m) 6 m4(m1) 4 0 5 m5(m) 6 m5(m1) 5 m6(m) 6 m6(m1) 0 18 0 0 2 m7 1 m 1 3 m10 1 m 2 2 b1 1 r 3 2 m7 2 m1 4 3 m10 2 m1 5 2 b1 2 r1 6 2 m1 1 m 7 2 m2 1 m 8 2 m4 1 m 9 2 b3 1 r 10 2 m1 2 m1 11 2 m2 2 m1 12 2 m4 2 m1 13 2 b3 2 r1 14 2 m6 1 m 15 2 m6 2 m1 16 2 m5 1 m 17 2 m5 2 m1 18 0 2 b1 1 r 2 2 b1 2 r1 5 2 b3 1 r 9 2 b3 2 r1 13 2 m1 1 m 6 2 m1 2 m1 10 3 m10 1 m 1 3 m10 2 m1 4 2 m2 1 m 7 2 m2 2 m1 11 2 m4 1 m 8 2 m4 2 m1 12 2 m5 1 m 16 2 m5 2 m1 17 2 m6 1 m 14 2 m6 2 m1 15 2 m7 1 m 0 2 m7 2 m1 3
102 7 LineNet 1 0
103 1 l 4
104 4 0 1 2 3 4 4 Line 6
105 5 0 -1 9
106 6 normal 3 0
107 2 ni 1 E 2 l1 0 0 6 normal 7 shorted 2
108 2 nr 1 E 2 l2 0 0 6 normal 8 isolated 3
109 2 ps 1 E 2 l3 0 0 6 normal 10 persistent 4 9
110 7 shorted 0 0 9
111 8 isolated 0 0 9
112 10 persistent 0 0 0 5 0 0 0 0 0 0 4 3 3 0 2 ni 2 nr 2 ps 1 0 1 E 0 0 4 0 6 normal 7 shorted 8 isolated 10 persistent 3 0
113 2 ni 1 E 2 l1 0 0 6 normal 7 shorted
114 2 nr 1 E 2 l2 0 0 6 normal 8 isolated
115 2 ps 1 E 2 l3 0 0 6 normal 10 persistent 1 0 1 I 0 0 1 0 1 I 4 this 1 E 1 l 0 0 1 0 6 normal 1 l 0 0 3 0 2 l1 1 l 3 fls 2 l2 1 l 3 fli 2 l3 1 l 3 flp 0 0 0 0 0 0 0 0 0
