22 serialization::archive 13 0 0 7 Example 0 0 3 0 0 0 2 N1 3 1 0
0 2 N1 4 1 0
1 23 AbstractProtectionHWNet 0 0 1 0 1 0
2 1 W 7 1 0
3 3 0 1 2 3 18 ProtectionHardware 9 1 0
4 0 0 0 0 4 0 -1 12 1 0
5 0 0 3 con 0 0 2 0 0 0 1 0
6 0 0 2 nd 3 Cot 2 w1 0 0 0 0 3 con 3 con 1
7 2 di 3 Cot 2 w2 0 0 3 con 4 dis1 2 12
8 4 dis1 3 0
9 2 di 3 Cot 2 w3 0 0 4 dis1 4 dis2 3
10 2 co 3 Cot 2 w5 0 0 4 dis1 3 con 1
11 2 nc 3 Cot 2 w6 0 0 4 dis1 4 dis1 2 12
12 4 dis2 2 0
13 2 co 3 Cot 2 w4 0 0 4 dis2 4 dis1 2
14 2 nc 3 Cot 2 w7 0 0 4 dis2 4 dis2 3 0 4 0 0 0 0 0 3 7 0 0 4 0 2 nd 2 di 2 co 2 nc 1 0 3 Cot 0 0 3 0 3 con 4 dis1 4 dis2 0 0 7 0
15 2 nd 3 Cot 2 w1 0 0 3 con 3 con
16 2 di 3 Cot 2 w2 0 0 3 con 4 dis1
17 2 di 3 Cot 2 w3 0 0 4 dis1 4 dis2
18 2 co 3 Cot 2 w4 0 0 4 dis2 4 dis1
19 2 co 3 Cot 2 w5 0 0 4 dis1 3 con
20 2 nc 3 Cot 2 w6 0 0 4 dis1 4 dis1
21 2 nc 3 Cot 2 w7 0 0 4 dis2 4 dis2 1 0 1 I 0 0 0 0 1 0 0 0 1 I 4 this 3 Cot 1 W 0 0 0 0 1 0 3 con 1 W 0 0 0 0 0 0 0 0 0 0 0 0 0 0 0 0 0 0 0 1 0 3 con 1 W 0 0 3 0 0 0 2 w1 1 W 6 fdw_N1 2 w6 1 W 7 fcw1_N1 2 w7 1 W 7 fcw2_N1 0 0 1 0 31 1 0
22 1 I 5 <eps> 1 0 31
23 3 Cot 5 <eps> 0 0 0 0 0 0 1 0 0 0 1 W 7 3 34 1 0
24 0 0 0 0 4 0 -1 37 1 0
25 3 con 0 0 2 0 0 0 0 0 9 w1(W(N1)) 16 15 6 2 3 0 0 0 2 nd 0 0 0 0 0 2 nd 0 0 0 0 0 16 15 6 2 5 w1(W) 2 w1 1 W 1 9 w2(W(N1)) 16 16 6 2 3 0 2 di 0 0 0 2 di 0 0 0 16 16 6 2 5 w2(W) 2 w2 1 W 2 37
26 4 dis1 3 0 9 w3(W(N1)) 16 17 6 2 3 0 2 di 0 0 0 2 di 0 0 0 16 17 6 2 5 w3(W) 2 w3 1 W 3 9 w5(W(N1)) 16 19 6 2 3 0 2 co 0 0 0 2 co 0 0 0 16 19 6 2 5 w5(W) 2 w5 1 W 1 9 w6(W(N1)) 16 20 6 2 3 0 2 nc 0 0 0 2 nc 0 0 0 16 20 6 2 5 w6(W) 2 w6 1 W 2 37
27 4 dis2 2 0 9 w4(W(N1)) 16 18 6 2 3 0 2 co 0 0 0 2 co 0 0 0 16 18 6 2 5 w4(W) 2 w4 1 W 2 9 w7(W(N1)) 16 21 6 2 3 0 2 nc 0 0 0 2 nc 0 0 0 16 21 6 2 5 w7(W) 2 w7 1 W 3 1 4 0 0 0 0 0 3 7 1 0 31 23 0 0 1 0 3 con 1 W 0 0 3 0 2 w1 1 W 6 fdw_N1 2 w6 1 W 7 fcw1_N1 2 w7 1 W 7 fcw2_N1 0 0 44 1 0
28 0 0 0 0 2 0 -1 47 1 0
29 2 I1 0 0 0 0 1 2 0 0 1 1 0 1 0 2 1 0 0 0 0 0 0 0 0 0 0 2 N2 3
30 2 N2 4 1 1 0 3 con 1 W 0 0 3 0 2 w1 1 W 6 fdw_N2 2 w6 1 W 7 fcw1_N2 2 w7 1 W 7 fcw2_N2 1 0 31
31 1 I 5 <eps> 1 0 31
32 3 Cot 5 <eps> 0 0 0 0 1 0 1 W 7 3 34
33 4 0 -1 37
34 3 con 2 0 9 w1(W(N2)) 16 15 6 2 3 30 2 nd 1 0 0 2 nd 0 0 0 16 15 6 2 5 w1(W) 2 w1 1 W 1 9 w2(W(N2)) 16 16 6 2 3 30 2 di 1 0 0 2 di 0 0 0 16 16 6 2 5 w2(W) 2 w2 1 W 2 37
35 4 dis1 3 0 9 w3(W(N2)) 16 17 6 2 3 30 2 di 1 0 0 2 di 0 0 0 16 17 6 2 5 w3(W) 2 w3 1 W 3 9 w5(W(N2)) 16 19 6 2 3 30 2 co 1 0 0 2 co 0 0 0 16 19 6 2 5 w5(W) 2 w5 1 W 1 9 w6(W(N2)) 16 20 6 2 3 30 2 nc 1 0 0 2 nc 0 0 0 16 20 6 2 5 w6(W) 2 w6 1 W 2 37
36 4 dis2 2 0 9 w4(W(N2)) 16 18 6 2 3 30 2 co 1 0 0 2 co 0 0 0 16 18 6 2 5 w4(W) 2 w4 1 W 2 9 w7(W(N2)) 16 21 6 2 3 30 2 nc 1 0 0 2 nc 0 0 0 16 21 6 2 5 w7(W) 2 w7 1 W 3 1 4 0 0 0 0 0 3 7 1 0 31 32 0 0 1 0 3 con 1 W 0 0 3 0 2 w1 1 W 6 fdw_N2 2 w6 1 W 7 fcw1_N2 2 w7 1 W 7 fcw2_N2 0 0 44
37 2 0 -1 47
38 2 I1 0 0 1 2 0 0 1 1 0 1 0 2 1 0 0 0 0 0 0 2 N3 3
39 2 N3 4
40 21 ProtectionHardwareNet 3 0
41 1 l 7
42 2 0 1 2 7 Breaker 9
43 3 0 -1 12
44 6 closed 3 0
45 2 op 1 I 2 b1 0 0 6 closed 4 open 2
46 2 op 1 I 2 b3 0 0 6 closed 6 closed 1
47 2 cl 1 I 2 b5 0 0 6 closed 6 closed 1 12
48 4 open 3 0
49 2 cl 1 I 2 b2 0 0 4 open 6 closed 1
50 2 cl 1 I 2 b4 0 0 4 open 4 open 2
51 2 op 1 I 2 b6 0 0 4 open 4 open 2 0 3 0 0 0 0 2 6 2 0 2 op 2 cl 1 0 1 I 0 0 2 0 6 closed 4 open 6 0
52 2 op 1 I 2 b1 0 0 6 closed 4 open
53 2 cl 1 I 2 b2 0 0 4 open 6 closed
54 2 op 1 I 2 b3 0 0 6 closed 6 closed
55 2 cl 1 I 2 b4 0 0 4 open 4 open
56 2 cl 1 I 2 b5 0 0 6 closed 6 closed
57 2 op 1 I 2 b6 0 0 4 open 4 open
58 1 r 7 42
59 1 p 7
60 2 0 1 2 16 ProtectionDevice 9
61 3 0 -1 12
62 4 idle 2 0
63 0  0  2 p1 1 0 2 op 1 O 4 idle 6 awaken 2
64 0  0  2 p3 1 0 2 cl 1 O 4 idle 6 awaken 2 12
65 6 awaken 2 0
66 0  0  2 p2 1 0 2 cl 1 O 6 awaken 4 idle 1
67 0  0  2 p4 1 0 2 op 1 O 6 awaken 4 idle 1 0 3 0 0 0 0 2 4 2 0 2 op 2 cl 0 0 1 0 1 O 2 0 4 idle 6 awaken 4 0
68 0  0  2 p1 1 0 2 op 1 O 4 idle 6 awaken
69 0  0  2 p2 1 0 2 cl 1 O 6 awaken 4 idle
70 0  0  2 p3 1 0 2 cl 1 O 4 idle 6 awaken
71 0  0  2 p4 1 0 2 op 1 O 6 awaken 4 idle 0 0 1 0 1 O 2 0 1 O 1 p 1 I 1 l 1 O 1 p 1 I 1 r 4 0 0 0 2 di 1 O 7 (0)|(1) 1 0 0 2 co 1 O 7 (2)|(3) 1 0 0 2 nd 1 O 26 (4)|(5)(((6)(7))|((7)(6))) 1 0 0 2 nc 1 O 36 (8)|(9)(((10)|"")(11)|((12)|"")(13)) 1 0 0 3 0 6 closed 1 l 6 closed 1 r 4 idle 1 p 8 0 2 b1 1 l 3 opl 2 b1 1 r 3 opr 2 b2 1 l 3 cll 2 b2 1 r 3 clr 2 p1 1 p 3 awk 2 p2 1 p 3 ide 2 p3 1 p 3 awk 2 p4 1 p 3 ide 6 0 2 b3 1 l 3 nol 2 b3 1 r 3 nor 2 b4 1 l 3 ncl 2 b4 1 r 3 ncr 2 p3 1 p 3 fop 2 p4 1 p 3 fcp 1 0 53 1 0
72 0 0 0 0 18 0 -1 56 1 0
73 0 0 0 0 0 0 0 0 8 0 0 0 16 52 6 41 5 b1(l) 2 16 52 6 58 5 b1(r) 2 16 53 6 41 5 b2(l) 4 16 53 6 58 5 b2(r) 4 16 68 6 59 5 p1(p) 7 16 69 6 59 5 p2(p) 9 16 70 6 59 5 p3(p) 6 16 71 6 59 5 p4(p) 8 56
74 1 0 2 di 8 0 16 52 6 41 5 b1(l) 2 16 52 6 58 5 b1(r) 2 16 53 6 41 5 b2(l) 4 16 53 6 58 5 b2(r) 4 16 68 6 59 5 p1(p) 7 16 69 6 59 5 p2(p) 9 16 70 6 59 5 p3(p) 6 16 71 6 59 5 p4(p) 8 -1 56
75 1 0 2 co 8 0 16 52 6 41 5 b1(l) 2 16 52 6 58 5 b1(r) 2 16 53 6 41 5 b2(l) 4 16 53 6 58 5 b2(r) 4 16 68 6 59 5 p1(p) 7 16 69 6 59 5 p2(p) 9 16 70 6 59 5 p3(p) 6 16 71 6 59 5 p4(p) 8 -1 56
76 1 0 2 nd 8 0 16 52 6 41 5 b1(l) 2 16 52 6 58 5 b1(r) 2 16 53 6 41 5 b2(l) 4 16 53 6 58 5 b2(r) 4 16 68 6 59 5 p1(p) 7 16 69 6 59 5 p2(p) 9 16 70 6 59 5 p3(p) 6 16 71 6 59 5 p4(p) 8 56
77 0 0 10 0 16 52 6 41 5 b1(l) 2 16 52 6 58 5 b1(r) 2 16 53 6 41 5 b2(l) 4 16 53 6 58 5 b2(r) 4 16 54 6 41 5 b3(l) 10 16 54 6 58 5 b3(r) 11 16 68 6 59 5 p1(p) 7 16 69 6 59 5 p2(p) 9 16 70 6 59 5 p3(p) 6 16 71 6 59 5 p4(p) 8 56
78 1 0 2 nc 8 0 16 52 6 41 5 b1(l) 2 16 52 6 58 5 b1(r) 2 16 53 6 41 5 b2(l) 4 16 53 6 58 5 b2(r) 4 16 68 6 59 5 p1(p) 7 16 69 6 59 5 p2(p) 9 16 70 6 59 5 p3(p) 6 16 71 6 59 5 p4(p) 8 56
79 0 0 12 0 16 52 6 41 5 b1(l) 2 16 52 6 58 5 b1(r) 2 16 53 6 41 5 b2(l) 4 16 53 6 58 5 b2(r) 4 16 55 6 41 5 b4(l) 8 16 55 6 58 5 b4(r) 8 16 56 6 41 5 b5(l) 14 16 56 6 58 5 b5(r) 12 16 68 6 59 5 p1(p) 7 16 69 6 59 5 p2(p) 9 16 70 6 59 5 p3(p) 6 16 71 6 59 5 p4(p) 8 56
80 0 0 9 0 16 52 6 41 5 b1(l) 2 16 52 6 58 5 b1(r) 2 16 53 6 41 5 b2(l) 4 16 53 6 58 5 b2(r) 4 16 54 6 58 5 b3(r) 6 16 68 6 59 5 p1(p) 7 16 69 6 59 5 p2(p) 9 16 70 6 59 5 p3(p) 6 16 71 6 59 5 p4(p) 8 56
81 0 0 9 0 16 52 6 41 5 b1(l) 2 16 52 6 58 5 b1(r) 2 16 53 6 41 5 b2(l) 4 16 53 6 58 5 b2(r) 4 16 54 6 41 5 b3(l) 6 16 68 6 59 5 p1(p) 7 16 69 6 59 5 p2(p) 9 16 70 6 59 5 p3(p) 6 16 71 6 59 5 p4(p) 8 56
82 0 0 9 0 16 52 6 41 5 b1(l) 2 16 52 6 58 5 b1(r) 2 16 53 6 41 5 b2(l) 4 16 53 6 58 5 b2(r) 4 16 55 6 41 5 b4(l) 8 16 68 6 59 5 p1(p) 7 16 69 6 59 5 p2(p) 9 16 70 6 59 5 p3(p) 6 16 71 6 59 5 p4(p) 8 -1 56
83 0 0 9 0 16 52 6 41 5 b1(l) 2 16 52 6 58 5 b1(r) 2 16 53 6 41 5 b2(l) 4 16 53 6 58 5 b2(r) 4 16 55 6 58 5 b4(r) 8 16 68 6 59 5 p1(p) 7 16 69 6 59 5 p2(p) 9 16 70 6 59 5 p3(p) 6 16 71 6 59 5 p4(p) 8 -1 -1 -1 1 18 0 0 0 1 1 1 1 1 0 1 0 0 0 0 1 0 1 1 1 11 98 0 14 0 0 0 0 2 b1 1 l 1 2 b1 1 r 2 2 b2 1 l 3 2 b2 1 r 4 2 p3 1 p 5 2 p1 1 p 6 2 b3 1 l 7 2 b3 1 r 8 2 p4 1 p 9 2 p2 1 p 10 2 b5 1 r 11 2 b4 1 l 12 2 b5 1 l 13 2 b4 1 r 14 0 0 0 2 b1 1 l 0 2 b1 1 r 1 2 b2 1 l 2 2 b2 1 r 3 2 b3 1 l 6 2 b3 1 r 7 2 b4 1 l 11 2 b4 1 r 13 2 b5 1 l 12 2 b5 1 r 10 2 p1 1 p 5 2 p2 1 p 9 2 p3 1 p 4 2 p4 1 p 8 3 0 6 closed 1 l 6 closed 1 r 4 idle 1 p 8 0 2 b1 1 l 3 opl 2 b1 1 r 3 opr 2 b2 1 l 3 cll 2 b2 1 r 3 clr 2 p1 1 p 3 awk 2 p2 1 p 3 ide 2 p3 1 p 3 awk 2 p4 1 p 3 ide 6 0 2 b3 1 l 3 nol 2 b3 1 r 3 nor 2 b4 1 l 3 ncl 2 b4 1 r 3 ncr 2 p3 1 p 3 fop 2 p4 1 p 3 fcp 0 0 1 0 31
84 1 O 5 <eps> 2 0 31 22 31 31 3 0 1 l 7 42 34
85 3 0 -1 37
86 6 closed 3 0 9 b1(l(N3)) 16 52 6 41 3 39 2 op 2 0 0 2 op 0 0 0 16 52 6 41 5 b1(l) 2 b1 1 l 2 9 b3(l(N3)) 16 54 6 41 3 39 2 op 2 0 0 2 op 0 0 0 16 54 6 41 5 b3(l) 2 b3 1 l 1 9 b5(l(N3)) 16 56 6 41 3 39 2 cl 2 0 0 2 cl 0 0 0 16 56 6 41 5 b5(l) 2 b5 1 l 1 37
87 4 open 3 0 9 b2(l(N3)) 16 53 6 41 3 39 2 cl 2 0 0 2 cl 0 0 0 16 53 6 41 5 b2(l) 2 b2 1 l 1 9 b4(l(N3)) 16 55 6 41 3 39 2 cl 2 0 0 2 cl 0 0 0 16 55 6 41 5 b4(l) 2 b4 1 l 2 9 b6(l(N3)) 16 57 6 41 3 39 2 op 2 0 0 2 op 0 0 0 16 57 6 41 5 b6(l) 2 b6 1 l 2 1 3 0 0 0 0 2 6 1 0 31
88 1 I 5 <eps> 0 0 0 0 1 r 7 42 34
89 3 0 -1 37
90 6 closed 3 0 9 b1(r(N3)) 16 52 6 58 3 39 2 op 3 0 0 2 op 1 0 0 16 52 6 58 5 b1(r) 2 b1 1 r 2 9 b3(r(N3)) 16 54 6 58 3 39 2 op 3 0 0 2 op 1 0 0 16 54 6 58 5 b3(r) 2 b3 1 r 1 9 b5(r(N3)) 16 56 6 58 3 39 2 cl 3 0 0 2 cl 1 0 0 16 56 6 58 5 b5(r) 2 b5 1 r 1 37
91 4 open 3 0 9 b2(r(N3)) 16 53 6 58 3 39 2 cl 3 0 0 2 cl 1 0 0 16 53 6 58 5 b2(r) 2 b2 1 r 1 9 b4(r(N3)) 16 55 6 58 3 39 2 cl 3 0 0 2 cl 1 0 0 16 55 6 58 5 b4(r) 2 b4 1 r 2 9 b6(r(N3)) 16 57 6 58 3 39 2 op 3 0 0 2 op 1 0 0 16 57 6 58 5 b6(r) 2 b6 1 r 2 1 3 0 0 0 0 2 6 1 0 31
92 1 I 5 <eps> 0 0 0 0 1 p 7 60 34
93 3 0 -1 37
94 4 idle 2 0 9 p1(p(N3)) 16 68 6 59 3 39 0  0 1 0 0 0 2 op 2 0 2 3 0  0 1 0 2 op 2 0 0 1 16 68 6 59 5 p1(p) 2 p1 1 p 2 9 p3(p(N3)) 16 70 6 59 3 39 0  0 1 0 2 cl 2 0 2 3 0  0 1 0 2 cl 2 0 0 1 16 70 6 59 5 p3(p) 2 p3 1 p 2 37
95 6 awaken 2 0 9 p2(p(N3)) 16 69 6 59 3 39 0  0 1 0 2 cl 2 0 2 3 0  0 1 0 2 cl 2 0 0 1 16 69 6 59 5 p2(p) 2 p2 1 p 1 9 p4(p(N3)) 16 71 6 59 3 39 0  0 1 0 2 op 2 0 2 3 0  0 1 0 2 op 2 0 0 1 16 71 6 59 5 p4(p) 2 p4 1 p 1 1 3 0 0 0 0 2 4 0 0 1 0 31
96 1 O 5 <eps> 2 0 31 88 31 92 3 0 6 closed 1 l 6 closed 1 r 4 idle 1 p 8 0 2 b1 1 l 3 opl 2 b1 1 r 3 opr 2 b2 1 l 3 cll 2 b2 1 r 3 clr 2 p1 1 p 3 awk 2 p2 1 p 3 ide 2 p3 1 p 3 awk 2 p4 1 p 3 ide 6 0 2 b3 1 l 3 nol 2 b3 1 r 3 nor 2 b4 1 l 3 ncl 2 b4 1 r 3 ncr 2 p3 1 p 3 fop 2 p4 1 p 3 fcp 3 0 3 awk 3 opl 3 ide 44
97 5 0 -1 47
98 2 I1 1 0 0 0 3 awk 2 47
99 2 I2 1 0 3 opl 3 47
100 2 I3 1 0 3 ide 4 47
101 2 I4 0 0 1 5 0 0 0 0 0 1 4 3 0 0 0 4 0 0 0 2 co 31 84 2 di 31 84 2 nc 31 84 2 nd 31 84 4 0 0 0 2 co 2 0 0 1 2 di 2 0 0 1 2 nc 2 0 0 1 2 nd 2 0 0 1 4 0 2 co 2 0 0 0 2 di 2 0 0 0 2 nc 2 0 0 0 2 nd 2 0 0 0 3 0 2 1 0
