22 serialization::archive 13 0 0 17 PowerTransmission 1 0
0 0 0 0 0 8 0 -1 4 1 0
1 0 0 2 N1 0 0 2 0 0 0 15 O(N2) -> I1(N1) 2 15 O(N3) -> I2(N1) 3 4
2 2 N2 2 0 15 O(N4) -> I1(N2) 4 15 O(N5) -> I2(N2) 5 4
3 2 N3 2 0 15 O(N6) -> I1(N3) 6 15 O(N7) -> I2(N3) 7 4
4 2 N4 0 0 4
5 2 N5 0 0 4
6 2 N6 0 0 4
7 2 N7 0 0 1 8 0 0 0 0 0 0 0 0 0 7 6 1 0 0 7 0 1 0
8 2 N1 11 1 0
9 7 LineNet 0 0 2 0 1 0
10 2 L1 14 1 0
11 4 0 1 2 3 4 4 Line 16 1 0
12 0 0 0 0 5 0 -1 19 1 0
13 6 normal 0 0 3 0 0 0 1 0
14 0 0 2 ni 3 Cot 2 l1 0 0 0 0 6 normal 7 shorted 2
15 2 nr 3 Cot 2 l2 0 0 6 normal 8 isolated 3
16 2 ps 3 Cot 2 l3 0 0 6 normal 10 persistent 4 19
17 7 shorted 0 0 19
18 8 isolated 0 0 19
19 10 persistent 0 0 0 5 0 0 0 0 0 0 4 3 0 0 3 0 2 ni 2 nr 2 ps 1 0 3 Cot 0 0 4 0 6 normal 7 shorted 8 isolated 10 persistent 0 0 3 0
20 2 ni 3 Cot 2 l1 0 0 6 normal 7 shorted
21 2 nr 3 Cot 2 l2 0 0 6 normal 8 isolated
22 2 ps 3 Cot 2 l3 0 0 6 normal 10 persistent
23 2 L2 14 11 2 0 2 I1 2 I2 0 0 0 0 2 0 0 0 2 I1 4 this 3 Cot 2 L1 2 I2 4 this 3 Cot 2 L2 0 0 0 0 2 0 6 normal 2 L1 6 normal 2 L2 0 0 0 0 6 0 0 0 2 l1 2 L1 4 fil1 2 l1 2 L2 4 fil2 2 l2 2 L1 4 frl1 2 l2 2 L2 4 frl2 2 l3 2 L1 4 psl1 2 l3 2 L2 4 psl2 0 0 0 0 0 0 0 0 0 0 0 0 0 2 0 6 normal 2 L1 6 normal 2 L2 0 0 6 0 2 l1 2 L1 4 fil1 2 l1 2 L2 4 fil2 2 l2 2 L1 4 frl1 2 l2 2 L2 4 frl2 2 l3 2 L1 4 psl1 2 l3 2 L2 4 psl2
24 2 N2 11
25 23 AbstractProtectionHWNet 2 0
26 2 W1 14
27 3 0 1 2 3 18 ProtectionHardware 16
28 4 0 -1 19
29 3 con 2 0
30 2 nd 3 Cot 2 w1 0 0 3 con 3 con 1
31 2 di 3 Cot 2 w2 0 0 3 con 4 dis1 2 19
32 4 dis1 3 0
33 2 di 3 Cot 2 w3 0 0 4 dis1 4 dis2 3
34 2 co 3 Cot 2 w5 0 0 4 dis1 3 con 1
35 2 nc 3 Cot 2 w6 0 0 4 dis1 4 dis1 2 19
36 4 dis2 2 0
37 2 co 3 Cot 2 w4 0 0 4 dis2 4 dis1 2
38 2 nc 3 Cot 2 w7 0 0 4 dis2 4 dis2 3 0 4 0 0 0 0 0 3 7 4 0 2 nd 2 di 2 co 2 nc 1 0 3 Cot 0 0 3 0 3 con 4 dis1 4 dis2 7 0
39 2 nd 3 Cot 2 w1 0 0 3 con 3 con
40 2 di 3 Cot 2 w2 0 0 3 con 4 dis1
41 2 di 3 Cot 2 w3 0 0 4 dis1 4 dis2
42 2 co 3 Cot 2 w4 0 0 4 dis2 4 dis1
43 2 co 3 Cot 2 w5 0 0 4 dis1 3 con
44 2 nc 3 Cot 2 w6 0 0 4 dis1 4 dis1
45 2 nc 3 Cot 2 w7 0 0 4 dis2 4 dis2
46 2 W2 14 27 2 0 2 I1 2 I2 1 0 1 O 2 0 2 I1 4 this 3 Cot 2 W1 2 I2 4 this 3 Cot 2 W2 3 0 0 0 2 ni 1 O 7 (0)|(1) 1 0 0 2 nr 1 O 15 (2)|(3)|(4)|(5) 1 0 0 2 ps 1 O 189 ((6)(0)*(7)((0|7|8|9|2|3|1|10|11|12|13|4|5))*)((6)(0)*(7)((0|7|8|9|2|3|1|10|11|12|13|4|5))*)*|((13)(1)*(10)((0|7|8|9|6|2|3|1|10|11|12|4|5))*)((13)(1)*(10)((0|7|8|9|6|2|3|1|10|11|12|4|5))*)* 1 0 0 2 0 3 con 2 W1 3 con 2 W2 0 0 6 0 2 w1 2 W1 4 fdw1 2 w1 2 W2 4 fdw2 2 w6 2 W1 5 fcw1a 2 w6 2 W2 5 fcw2a 2 w7 2 W1 5 fcw1b 2 w7 2 W2 5 fcw2b 1 0 37 1 0
47 0 0 0 0 140 0 -1 40 1 0
48 0 0 0 0 0 0 0 0 8 0 0 0 0 0 22 39 13 26 6 w1(W1) 2 22 39 13 46 6 w1(W2) 2 22 43 13 26 6 w5(W1) 8 22 43 13 46 6 w5(W2) 9 22 44 13 26 6 w6(W1) 4 22 44 13 46 6 w6(W2) 4 22 45 13 26 6 w7(W1) 4 22 45 13 46 6 w7(W2) 4 40
49 1 0 2 ni 8 0 22 39 13 26 6 w1(W1) 2 22 39 13 46 6 w1(W2) 2 22 43 13 26 6 w5(W1) 8 22 43 13 46 6 w5(W2) 9 22 44 13 26 6 w6(W1) 4 22 44 13 46 6 w6(W2) 4 22 45 13 26 6 w7(W1) 4 22 45 13 46 6 w7(W2) 4 -1 40
50 1 0 2 nr 8 0 22 39 13 26 6 w1(W1) 2 22 39 13 46 6 w1(W2) 2 22 43 13 26 6 w5(W1) 8 22 43 13 46 6 w5(W2) 9 22 44 13 26 6 w6(W1) 4 22 44 13 46 6 w6(W2) 4 22 45 13 26 6 w7(W1) 4 22 45 13 46 6 w7(W2) 4 -1 -1 -1 40
51 0 0 9 0 22 39 13 26 6 w1(W1) 10 22 39 13 46 6 w1(W2) 2 22 40 13 26 6 w2(W1) 11 22 43 13 26 6 w5(W1) 8 22 43 13 46 6 w5(W2) 9 22 44 13 26 6 w6(W1) 4 22 44 13 46 6 w6(W2) 4 22 45 13 26 6 w7(W1) 4 22 45 13 46 6 w7(W2) 4 40
52 0 0 9 0 22 39 13 26 6 w1(W1) 2 22 39 13 46 6 w1(W2) 12 22 40 13 46 6 w2(W2) 13 22 43 13 26 6 w5(W1) 8 22 43 13 46 6 w5(W2) 9 22 44 13 26 6 w6(W1) 4 22 44 13 46 6 w6(W2) 4 22 45 13 26 6 w7(W1) 4 22 45 13 46 6 w7(W2) 4 40
53 1 0 2 ni 9 0 22 39 13 26 6 w1(W1) 10 22 39 13 46 6 w1(W2) 2 22 40 13 26 6 w2(W1) 11 22 43 13 26 6 w5(W1) 8 22 43 13 46 6 w5(W2) 9 22 44 13 26 6 w6(W1) 4 22 44 13 46 6 w6(W2) 4 22 45 13 26 6 w7(W1) 4 22 45 13 46 6 w7(W2) 4 40
54 1 0 2 ps 14 0 22 39 13 26 6 w1(W1) 14 22 39 13 46 6 w1(W2) 14 22 40 13 26 6 w2(W1) 11 22 40 13 46 6 w2(W2) 11 22 41 13 26 6 w3(W1) 11 22 41 13 46 6 w3(W2) 11 22 42 13 26 6 w4(W1) 11 22 42 13 46 6 w4(W2) 11 22 43 13 26 6 w5(W1) 8 22 43 13 46 6 w5(W2) 11 22 44 13 26 6 w6(W1) 16 22 44 13 46 6 w6(W2) 16 22 45 13 26 6 w7(W1) 16 22 45 13 46 6 w7(W2) 16 40
55 1 0 2 ni 9 0 22 39 13 26 6 w1(W1) 2 22 39 13 46 6 w1(W2) 12 22 40 13 46 6 w2(W2) 13 22 43 13 26 6 w5(W1) 8 22 43 13 46 6 w5(W2) 9 22 44 13 26 6 w6(W1) 4 22 44 13 46 6 w6(W2) 4 22 45 13 26 6 w7(W1) 4 22 45 13 46 6 w7(W2) 4 40
56 1 0 2 ps 14 0 22 39 13 26 6 w1(W1) 28 22 39 13 46 6 w1(W2) 28 22 40 13 26 6 w2(W1) 13 22 40 13 46 6 w2(W2) 13 22 41 13 26 6 w3(W1) 13 22 41 13 46 6 w3(W2) 13 22 42 13 26 6 w4(W1) 13 22 42 13 46 6 w4(W2) 13 22 43 13 26 6 w5(W1) 13 22 43 13 46 6 w5(W2) 9 22 44 13 26 6 w6(W1) 30 22 44 13 46 6 w6(W2) 30 22 45 13 26 6 w7(W1) 30 22 45 13 46 6 w7(W2) 30 40
57 2 0 2 ni 2 ps 14 0 22 39 13 26 6 w1(W1) 14 22 39 13 46 6 w1(W2) 14 22 40 13 26 6 w2(W1) 11 22 40 13 46 6 w2(W2) 11 22 41 13 26 6 w3(W1) 11 22 41 13 46 6 w3(W2) 11 22 42 13 26 6 w4(W1) 11 22 42 13 46 6 w4(W2) 11 22 43 13 26 6 w5(W1) 8 22 43 13 46 6 w5(W2) 11 22 44 13 26 6 w6(W1) 16 22 44 13 46 6 w6(W2) 16 22 45 13 26 6 w7(W1) 16 22 45 13 46 6 w7(W2) 16 -1 40
58 2 0 2 nr 2 ps 14 0 22 39 13 26 6 w1(W1) 14 22 39 13 46 6 w1(W2) 14 22 40 13 26 6 w2(W1) 11 22 40 13 46 6 w2(W2) 11 22 41 13 26 6 w3(W1) 11 22 41 13 46 6 w3(W2) 11 22 42 13 26 6 w4(W1) 11 22 42 13 46 6 w4(W2) 11 22 43 13 26 6 w5(W1) 8 22 43 13 46 6 w5(W2) 11 22 44 13 26 6 w6(W1) 16 22 44 13 46 6 w6(W2) 16 22 45 13 26 6 w7(W1) 16 22 45 13 46 6 w7(W2) 16 -1 -1 -1 -1 -1 -1 -1 -1 -1 -1 -1 40
59 2 0 2 ni 2 ps 14 0 22 39 13 26 6 w1(W1) 28 22 39 13 46 6 w1(W2) 28 22 40 13 26 6 w2(W1) 13 22 40 13 46 6 w2(W2) 13 22 41 13 26 6 w3(W1) 13 22 41 13 46 6 w3(W2) 13 22 42 13 26 6 w4(W1) 13 22 42 13 46 6 w4(W2) 13 22 43 13 26 6 w5(W1) 13 22 43 13 46 6 w5(W2) 9 22 44 13 26 6 w6(W1) 30 22 44 13 46 6 w6(W2) 30 22 45 13 26 6 w7(W1) 30 22 45 13 46 6 w7(W2) 30 -1 40
60 2 0 2 nr 2 ps 14 0 22 39 13 26 6 w1(W1) 28 22 39 13 46 6 w1(W2) 28 22 40 13 26 6 w2(W1) 13 22 40 13 46 6 w2(W2) 13 22 41 13 26 6 w3(W1) 13 22 41 13 46 6 w3(W2) 13 22 42 13 26 6 w4(W1) 13 22 42 13 46 6 w4(W2) 13 22 43 13 26 6 w5(W1) 13 22 43 13 46 6 w5(W2) 9 22 44 13 26 6 w6(W1) 30 22 44 13 46 6 w6(W2) 30 22 45 13 26 6 w7(W1) 30 22 45 13 46 6 w7(W2) 30 -1 -1 -1 -1 -1 -1 -1 -1 -1 -1 -1 -1 -1 -1 40
61 1 0 2 ps 14 0 22 39 13 26 6 w1(W1) 63 22 39 13 46 6 w1(W2) 64 22 40 13 26 6 w2(W1) 70 22 40 13 46 6 w2(W2) 73 22 41 13 26 6 w3(W1) 71 22 41 13 46 6 w3(W2) 74 22 42 13 26 6 w4(W1) 72 22 42 13 46 6 w4(W2) 75 22 43 13 26 6 w5(W1) 69 22 43 13 46 6 w5(W2) 76 22 44 13 26 6 w6(W1) 65 22 44 13 46 6 w6(W2) 67 22 45 13 26 6 w7(W1) 66 22 45 13 46 6 w7(W2) 68 -1 -1 -1 -1 -1 -1 -1 -1 -1 -1 -1 -1 -1 -1 -1 -1 -1 40
62 2 0 2 ni 2 ps 14 0 22 39 13 26 6 w1(W1) 63 22 39 13 46 6 w1(W2) 64 22 40 13 26 6 w2(W1) 70 22 40 13 46 6 w2(W2) 73 22 41 13 26 6 w3(W1) 71 22 41 13 46 6 w3(W2) 74 22 42 13 26 6 w4(W1) 72 22 42 13 46 6 w4(W2) 75 22 43 13 26 6 w5(W1) 69 22 43 13 46 6 w5(W2) 76 22 44 13 26 6 w6(W1) 65 22 44 13 46 6 w6(W2) 67 22 45 13 26 6 w7(W1) 66 22 45 13 46 6 w7(W2) 68 -1 40
63 2 0 2 nr 2 ps 14 0 22 39 13 26 6 w1(W1) 63 22 39 13 46 6 w1(W2) 64 22 40 13 26 6 w2(W1) 70 22 40 13 46 6 w2(W2) 73 22 41 13 26 6 w3(W1) 71 22 41 13 46 6 w3(W2) 74 22 42 13 26 6 w4(W1) 72 22 42 13 46 6 w4(W2) 75 22 43 13 26 6 w5(W1) 69 22 43 13 46 6 w5(W2) 76 22 44 13 26 6 w6(W1) 65 22 44 13 46 6 w6(W2) 67 22 45 13 26 6 w7(W1) 66 22 45 13 46 6 w7(W2) 68 -1 -1 -1 -1 -1 -1 -1 -1 -1 -1 -1 -1 -1 -1 -1 -1 -1 -1 -1 -1 -1 -1 40
64 1 0 2 ps 14 0 22 39 13 26 6 w1(W1) 77 22 39 13 46 6 w1(W2) 78 22 40 13 26 6 w2(W1) 84 22 40 13 46 6 w2(W2) 87 22 41 13 26 6 w3(W1) 85 22 41 13 46 6 w3(W2) 88 22 42 13 26 6 w4(W1) 86 22 42 13 46 6 w4(W2) 89 22 43 13 26 6 w5(W1) 83 22 43 13 46 6 w5(W2) 41 22 44 13 26 6 w6(W1) 79 22 44 13 46 6 w6(W2) 81 22 45 13 26 6 w7(W1) 80 22 45 13 46 6 w7(W2) 82 -1 40
65 2 0 2 ni 2 ps 14 0 22 39 13 26 6 w1(W1) 50 22 39 13 46 6 w1(W2) 90 22 40 13 26 6 w2(W1) 56 22 40 13 46 6 w2(W2) 91 22 41 13 26 6 w3(W1) 57 22 41 13 46 6 w3(W2) 60 22 42 13 26 6 w4(W1) 58 22 42 13 46 6 w4(W2) 61 22 43 13 26 6 w5(W1) 20 22 43 13 46 6 w5(W2) 62 22 44 13 26 6 w6(W1) 52 22 44 13 46 6 w6(W2) 54 22 45 13 26 6 w7(W1) 53 22 45 13 46 6 w7(W2) 55 -1 -1 -1 -1 -1 -1 -1 -1 -1 -1 -1 -1 -1 -1 -1 -1 -1 -1 -1 -1 -1 -1 -1 -1 -1 -1 -1 -1 -1 -1 -1 -1 -1 -1 -1 -1 -1 -1 -1 -1 -1 -1 -1 -1 -1 -1 -1 -1 -1 1 140 0 0 0 1 1 1 1 1 1 0 0 1 1 1 1 1 1 1 1 1 1 0 1 1 1 1 1 1 1 1 1 1 1 1 1 1 1 1 1 1 1 1 0 1 1 1 1 1 1 1 1 1 1 1 1 1 1 1 1 1 1 1 1 1 1 1 1 1 1 1 1 1 1 1 1 1 1 1 1 1 1 1 1 1 1 1 1 1 1 1 1 1 1 1 1 1 1 1 1 1 1 1 1 1 1 1 1 1 1 1 1 1 1 1 1 1 1 1 1 1 1 1 1 1 1 1 1 1 1 1 1 1 1 1 1 1 1 1 1 1 1 18 214 0 14 0 0 0 0 2 w1 2 W1 1 2 w1 2 W2 2 2 w6 2 W1 3 2 w7 2 W1 4 2 w6 2 W2 5 2 w7 2 W2 6 2 w5 2 W1 7 2 w2 2 W1 8 2 w3 2 W1 9 2 w4 2 W1 10 2 w2 2 W2 11 2 w3 2 W2 12 2 w4 2 W2 13 2 w5 2 W2 14 0 0 0 2 w1 2 W1 0 2 w1 2 W2 1 2 w2 2 W1 7 2 w2 2 W2 10 2 w3 2 W1 8 2 w3 2 W2 11 2 w4 2 W1 9 2 w4 2 W2 12 2 w5 2 W1 6 2 w5 2 W2 13 2 w6 2 W1 2 2 w6 2 W2 4 2 w7 2 W1 3 2 w7 2 W2 5 2 0 3 con 2 W1 3 con 2 W2 0 0 6 0 2 w1 2 W1 4 fdw1 2 w1 2 W2 4 fdw2 2 w6 2 W1 5 fcw1a 2 w6 2 W2 5 fcw2a 2 w7 2 W1 5 fcw1b 2 w7 2 W2 5 fcw2b
66 2 N3 11 25 2 0 3 con 2 W1 3 con 2 W2 0 0 6 0 2 w1 2 W1 4 fdw1 2 w1 2 W2 4 fdw2 2 w6 2 W1 5 fcw1a 2 w6 2 W2 5 fcw2a 2 w7 2 W1 5 fcw1b 2 w7 2 W2 5 fcw2b
67 2 N4 11
68 21 ProtectionHardwareNet 3 0
69 1 l 14
70 2 0 1 2 7 Breaker 16
71 3 0 -1 19
72 6 closed 3 0
73 2 op 1 I 2 b1 0 0 6 closed 4 open 2
74 2 op 1 I 2 b3 0 0 6 closed 6 closed 1
75 2 cl 1 I 2 b5 0 0 6 closed 6 closed 1 19
76 4 open 3 0
77 2 cl 1 I 2 b2 0 0 4 open 6 closed 1
78 2 cl 1 I 2 b4 0 0 4 open 4 open 2
79 2 op 1 I 2 b6 0 0 4 open 4 open 2 0 3 0 0 0 0 2 6 2 0 2 op 2 cl 1 0 1 I 0 0 2 0 6 closed 4 open 6 0
80 2 op 1 I 2 b1 0 0 6 closed 4 open
81 2 cl 1 I 2 b2 0 0 4 open 6 closed
82 2 op 1 I 2 b3 0 0 6 closed 6 closed
83 2 cl 1 I 2 b4 0 0 4 open 4 open
84 2 cl 1 I 2 b5 0 0 6 closed 6 closed
85 2 op 1 I 2 b6 0 0 4 open 4 open
86 1 r 14 70
87 1 p 14
88 2 0 1 2 16 ProtectionDevice 16
89 3 0 -1 19
90 4 idle 2 0
91 0  0  2 p1 1 0 2 op 1 O 4 idle 6 awaken 2
92 0  0  2 p3 1 0 2 cl 1 O 4 idle 6 awaken 2 19
93 6 awaken 2 0
94 0  0  2 p2 1 0 2 cl 1 O 6 awaken 4 idle 1
95 0  0  2 p4 1 0 2 op 1 O 6 awaken 4 idle 1 0 3 0 0 0 0 2 4 2 0 2 op 2 cl 0 0 1 0 1 O 2 0 4 idle 6 awaken 4 0
96 0  0  2 p1 1 0 2 op 1 O 4 idle 6 awaken
97 0  0  2 p2 1 0 2 cl 1 O 6 awaken 4 idle
98 0  0  2 p3 1 0 2 cl 1 O 4 idle 6 awaken
99 0  0  2 p4 1 0 2 op 1 O 6 awaken 4 idle 0 0 1 0 1 O 2 0 1 O 1 p 1 I 1 l 1 O 1 p 1 I 1 r 4 0 2 di 1 O 7 (0)|(1) 1 0 0 2 co 1 O 7 (2)|(3) 1 0 0 2 nd 1 O 26 (4)|(5)(((6)(7))|((7)(6))) 1 0 0 2 nc 1 O 36 (8)|(9)(((10)|"")(11)|((12)|"")(13)) 1 0 0 3 0 6 closed 1 l 6 closed 1 r 4 idle 1 p 8 0 2 b1 1 l 3 opl 2 b1 1 r 3 opr 2 b2 1 l 3 cll 2 b2 1 r 3 clr 2 p1 1 p 3 awk 2 p2 1 p 3 ide 2 p3 1 p 3 awk 2 p4 1 p 3 ide 6 0 2 b3 1 l 3 nol 2 b3 1 r 3 nor 2 b4 1 l 3 ncl 2 b4 1 r 3 ncr 2 p3 1 p 3 fop 2 p4 1 p 3 fcp 1 0 37
100 18 0 -1 40
101 0 0 8 0 22 80 13 69 5 b1(l) 2 22 80 13 86 5 b1(r) 2 22 81 13 69 5 b2(l) 4 22 81 13 86 5 b2(r) 4 22 96 13 87 5 p1(p) 7 22 97 13 87 5 p2(p) 9 22 98 13 87 5 p3(p) 6 22 99 13 87 5 p4(p) 8 40
102 1 0 2 di 8 0 22 80 13 69 5 b1(l) 2 22 80 13 86 5 b1(r) 2 22 81 13 69 5 b2(l) 4 22 81 13 86 5 b2(r) 4 22 96 13 87 5 p1(p) 7 22 97 13 87 5 p2(p) 9 22 98 13 87 5 p3(p) 6 22 99 13 87 5 p4(p) 8 -1 40
103 1 0 2 co 8 0 22 80 13 69 5 b1(l) 2 22 80 13 86 5 b1(r) 2 22 81 13 69 5 b2(l) 4 22 81 13 86 5 b2(r) 4 22 96 13 87 5 p1(p) 7 22 97 13 87 5 p2(p) 9 22 98 13 87 5 p3(p) 6 22 99 13 87 5 p4(p) 8 -1 40
104 1 0 2 nd 8 0 22 80 13 69 5 b1(l) 2 22 80 13 86 5 b1(r) 2 22 81 13 69 5 b2(l) 4 22 81 13 86 5 b2(r) 4 22 96 13 87 5 p1(p) 7 22 97 13 87 5 p2(p) 9 22 98 13 87 5 p3(p) 6 22 99 13 87 5 p4(p) 8 40
105 0 0 10 0 22 80 13 69 5 b1(l) 2 22 80 13 86 5 b1(r) 2 22 81 13 69 5 b2(l) 4 22 81 13 86 5 b2(r) 4 22 82 13 69 5 b3(l) 10 22 82 13 86 5 b3(r) 11 22 96 13 87 5 p1(p) 7 22 97 13 87 5 p2(p) 9 22 98 13 87 5 p3(p) 6 22 99 13 87 5 p4(p) 8 40
106 1 0 2 nc 8 0 22 80 13 69 5 b1(l) 2 22 80 13 86 5 b1(r) 2 22 81 13 69 5 b2(l) 4 22 81 13 86 5 b2(r) 4 22 96 13 87 5 p1(p) 7 22 97 13 87 5 p2(p) 9 22 98 13 87 5 p3(p) 6 22 99 13 87 5 p4(p) 8 40
107 0 0 12 0 22 80 13 69 5 b1(l) 2 22 80 13 86 5 b1(r) 2 22 81 13 69 5 b2(l) 4 22 81 13 86 5 b2(r) 4 22 83 13 69 5 b4(l) 8 22 83 13 86 5 b4(r) 8 22 84 13 69 5 b5(l) 14 22 84 13 86 5 b5(r) 12 22 96 13 87 5 p1(p) 7 22 97 13 87 5 p2(p) 9 22 98 13 87 5 p3(p) 6 22 99 13 87 5 p4(p) 8 40
108 0 0 9 0 22 80 13 69 5 b1(l) 2 22 80 13 86 5 b1(r) 2 22 81 13 69 5 b2(l) 4 22 81 13 86 5 b2(r) 4 22 82 13 86 5 b3(r) 6 22 96 13 87 5 p1(p) 7 22 97 13 87 5 p2(p) 9 22 98 13 87 5 p3(p) 6 22 99 13 87 5 p4(p) 8 40
109 0 0 9 0 22 80 13 69 5 b1(l) 2 22 80 13 86 5 b1(r) 2 22 81 13 69 5 b2(l) 4 22 81 13 86 5 b2(r) 4 22 82 13 69 5 b3(l) 6 22 96 13 87 5 p1(p) 7 22 97 13 87 5 p2(p) 9 22 98 13 87 5 p3(p) 6 22 99 13 87 5 p4(p) 8 40
110 0 0 9 0 22 80 13 69 5 b1(l) 2 22 80 13 86 5 b1(r) 2 22 81 13 69 5 b2(l) 4 22 81 13 86 5 b2(r) 4 22 83 13 69 5 b4(l) 8 22 96 13 87 5 p1(p) 7 22 97 13 87 5 p2(p) 9 22 98 13 87 5 p3(p) 6 22 99 13 87 5 p4(p) 8 -1 40
111 0 0 9 0 22 80 13 69 5 b1(l) 2 22 80 13 86 5 b1(r) 2 22 81 13 69 5 b2(l) 4 22 81 13 86 5 b2(r) 4 22 83 13 86 5 b4(r) 8 22 96 13 87 5 p1(p) 7 22 97 13 87 5 p2(p) 9 22 98 13 87 5 p3(p) 6 22 99 13 87 5 p4(p) 8 -1 -1 -1 1 18 0 0 0 1 1 1 1 1 0 1 0 0 0 0 1 0 1 1 1 11 98 0 14 0 0 2 b1 1 l 1 2 b1 1 r 2 2 b2 1 l 3 2 b2 1 r 4 2 p3 1 p 5 2 p1 1 p 6 2 b3 1 l 7 2 b3 1 r 8 2 p4 1 p 9 2 p2 1 p 10 2 b5 1 r 11 2 b4 1 l 12 2 b5 1 l 13 2 b4 1 r 14 0 2 b1 1 l 0 2 b1 1 r 1 2 b2 1 l 2 2 b2 1 r 3 2 b3 1 l 6 2 b3 1 r 7 2 b4 1 l 11 2 b4 1 r 13 2 b5 1 l 12 2 b5 1 r 10 2 p1 1 p 5 2 p2 1 p 9 2 p3 1 p 4 2 p4 1 p 8 3 0 6 closed 1 l 6 closed 1 r 4 idle 1 p 8 0 2 b1 1 l 3 opl 2 b1 1 r 3 opr 2 b2 1 l 3 cll 2 b2 1 r 3 clr 2 p1 1 p 3 awk 2 p2 1 p 3 ide 2 p3 1 p 3 awk 2 p4 1 p 3 ide 6 0 2 b3 1 l 3 nol 2 b3 1 r 3 nor 2 b4 1 l 3 ncl 2 b4 1 r 3 ncr 2 p3 1 p 3 fop 2 p4 1 p 3 fcp
112 2 N5 11 68 3 0 6 closed 1 l 6 closed 1 r 4 idle 1 p 8 0 2 b1 1 l 3 opl 2 b1 1 r 3 opr 2 b2 1 l 3 cll 2 b2 1 r 3 clr 2 p1 1 p 3 awk 2 p2 1 p 3 ide 2 p3 1 p 3 awk 2 p4 1 p 3 ide 6 0 2 b3 1 l 3 nol 2 b3 1 r 3 nor 2 b4 1 l 3 ncl 2 b4 1 r 3 ncr 2 p3 1 p 3 fop 2 p4 1 p 3 fcp
113 2 N6 11 68 3 0 6 closed 1 l 6 closed 1 r 4 idle 1 p 8 0 2 b1 1 l 3 opl 2 b1 1 r 3 opr 2 b2 1 l 3 cll 2 b2 1 r 3 clr 2 p1 1 p 3 awk 2 p2 1 p 3 ide 2 p3 1 p 3 awk 2 p4 1 p 3 ide 6 0 2 b3 1 l 3 nol 2 b3 1 r 3 nor 2 b4 1 l 3 ncl 2 b4 1 r 3 ncr 2 p3 1 p 3 fop 2 p4 1 p 3 fcp
114 2 N7 11 68 3 0 6 closed 1 l 6 closed 1 r 4 idle 1 p 8 0 2 b1 1 l 3 opl 2 b1 1 r 3 opr 2 b2 1 l 3 cll 2 b2 1 r 3 clr 2 p1 1 p 3 awk 2 p2 1 p 3 ide 2 p3 1 p 3 awk 2 p4 1 p 3 ide 6 0 2 b3 1 l 3 nol 2 b3 1 r 3 nor 2 b4 1 l 3 ncl 2 b4 1 r 3 ncr 2 p3 1 p 3 fop 2 p4 1 p 3 fcp 6 0 1 O 2 N2 2 I1 2 N1 1 O 2 N3 2 I2 2 N1 1 O 2 N4 2 I1 2 N2 1 O 2 N5 2 I2 2 N2 1 O 2 N6 2 I1 2 N3 1 O 2 N7 2 I2 2 N3
